x0 = [1,10,100];
t = [0.083,0.167,0.25,0.5,0.75,1.0,1.5,2.25,3.0,4.0,6.0,8.0,10.0,12.0];
c = [10.9,21.1,27.3,36.4,35.5,38.4,34.8,24.2,23.6,15.7,8.2,8.3,2.2,1.8];
[x,norm,res]=lsqcurvefit(@f8,x0,t,c);
